[gd_scene load_steps=4 format=2]

[ext_resource path="res://Player.tscn" type="PackedScene" id=1]

[sub_resource type="BoxShape" id=1]
extents = Vector3( 30, 1, 30 )

[sub_resource type="CubeMesh" id=2]
size = Vector3( 60, 2, 60 )

[node name="Main" type="Node"]

[node name="Ground" type="StaticBody" parent="."]
transform = Transform( 1, 0, 0, 0, 1, 0, 0, 0, 1, 0, -9.87585, 0 )

[node name="CollisionShape" type="CollisionShape" parent="Ground"]
shape = SubResource( 1 )

[node name="MeshInstance" type="MeshInstance" parent="Ground"]
mesh = SubResource( 2 )
material/0 = null

[node name="DirectionalLight" type="DirectionalLight" parent="."]
transform = Transform( 1, 0, 0, 0, 0.393717, 0.919232, 0, -0.919232, 0.393717, 0, 14.0277, 0 )
shadow_enabled = true

[node name="Player" parent="." instance=ExtResource( 1 )]
transform = Transform( 1, 0, 0, 0, 1, 0, 0, 0, 1, 0, -6.01269, 0 )

[node name="CameraPivot" type="Position3D" parent="."]
transform = Transform( 1, 0, 0, 0, 0.499788, 0.866148, 0, -0.866148, 0.499788, 0.758595, -3.81139, -2.12618 )

[node name="Camera" type="Camera" parent="CameraPivot"]
transform = Transform( 0.9998, 0.0189172, 0.00654494, -0.0178683, 0.990794, -0.134191, -0.0090232, 0.134047, 0.990934, -1.069, -8.21888, 34.7179 )
projection = 1
size = 17.53
